[Covariance matrix]
[01 binY]  2.878e+02  2.821e+01  1.367e+01  9.748e+00  5.650e+00  3.586e+00  2.364e+00  1.573e+00  1.251e+00  1.102e+00  1.019e+00  1.054e+00  1.173e+00  1.674e+00  3.502e+00  2.679e+01  2.797e+01  2.423e+00  8.801e-01  4.614e-01  2.933e-01  1.967e-01  1.439e-01  1.010e-01  6.384e-02  4.433e-02  2.572e-02  1.699e-02  1.043e-02  6.536e-03  5.380e-03  2.836e-03  1.781e-03  1.049e-03  5.585e-04  1.371e-04  7.572e-05  6.353e-05  2.028e-05  5.521e-06  2.071e-06  9.198e-07  3.382e-08  
[02 binY]  2.821e+01  3.624e+01  5.175e+00  4.063e+00  2.314e+00  1.464e+00  9.585e-01  6.397e-01  5.086e-01  4.447e-01  4.094e-01  4.269e-01  4.735e-01  6.705e-01  1.413e+00  1.071e+01  1.118e+01  9.683e-01  3.512e-01  1.848e-01  1.162e-01  7.822e-02  5.692e-02  4.029e-02  2.542e-02  1.769e-02  1.012e-02  6.771e-03  4.052e-03  2.540e-03  2.063e-03  1.105e-03  6.900e-04  3.887e-04  2.223e-04  5.214e-05  3.112e-05  2.349e-05  8.838e-06  2.748e-06  6.906e-07  2.133e-07  1.439e-08  
[03 binY]  1.367e+01  5.175e+00  3.535e+01  1.813e+00  8.809e-01  6.207e-01  4.183e-01  2.838e-01  2.275e-01  2.077e-01  1.949e-01  2.072e-01  2.345e-01  3.400e-01  7.191e-01  5.577e+00  5.857e+00  5.107e-01  1.882e-01  9.722e-02  6.283e-02  4.140e-02  3.114e-02  2.193e-02  1.401e-02  1.019e-02  6.151e-03  4.423e-03  2.666e-03  1.687e-03  1.386e-03  7.976e-04  4.785e-04  2.895e-04  1.544e-04  4.295e-05  2.049e-05  1.630e-05  7.963e-06  2.660e-06  5.362e-07  2.131e-07  6.956e-09  
[04 binY]  9.748e+00  4.063e+00  1.813e+00  5.982e+00  8.262e-01  5.502e-01  3.504e-01  2.282e-01  1.783e-01  1.496e-01  1.350e-01  1.344e-01  1.456e-01  1.991e-01  4.137e-01  3.092e+00  3.208e+00  2.735e-01  9.741e-02  5.166e-02  3.207e-02  2.150e-02  1.536e-02  1.072e-02  6.415e-03  4.280e-03  2.069e-03  1.229e-03  6.287e-04  4.807e-04  3.741e-04  1.101e-04  1.030e-04  5.379e-05  2.889e-05  4.989e-06  1.790e-06  3.833e-06  5.665e-07  5.016e-07  -1.025e-07  2.775e-09  2.145e-09  
[05 binY]  5.650e+00  2.314e+00  8.809e-01  8.262e-01  9.769e-01  2.927e-01  1.978e-01  1.289e-01  1.001e-01  8.641e-02  7.786e-02  7.881e-02  8.545e-02  1.197e-01  2.466e-01  1.874e+00  1.949e+00  1.674e-01  6.033e-02  3.132e-02  2.011e-02  1.312e-02  9.662e-03  6.718e-03  4.031e-03  2.620e-03  1.507e-03  8.765e-04  4.842e-04  2.951e-04  2.626e-04  1.066e-04  7.115e-05  4.978e-05  2.368e-05  2.594e-06  1.686e-06  2.791e-06  5.963e-07  1.200e-07  9.813e-08  6.801e-09  -3.974e-11  
[06 binY]  3.586e+00  1.464e+00  6.207e-01  5.502e-01  2.927e-01  2.639e-01  1.185e-01  8.100e-02  6.379e-02  5.487e-02  5.045e-02  5.136e-02  5.671e-02  7.942e-02  1.654e-01  1.255e+00  1.308e+00  1.124e-01  4.061e-02  2.129e-02  1.344e-02  9.007e-03  6.535e-03  4.559e-03  2.821e-03  1.949e-03  1.091e-03  6.977e-04  4.009e-04  2.333e-04  2.204e-04  1.045e-04  6.695e-05  3.945e-05  2.039e-05  3.559e-06  2.814e-06  2.535e-06  5.496e-07  2.580e-07  7.222e-08  1.102e-08  1.454e-09  
[07 binY]  2.364e+00  9.585e-01  4.183e-01  3.504e-01  1.978e-01  1.185e-01  1.303e-01  5.180e-02  4.244e-02  3.731e-02  3.426e-02  3.541e-02  3.931e-02  5.561e-02  1.166e-01  8.780e-01  9.156e-01  7.885e-02  2.863e-02  1.496e-02  9.527e-03  6.301e-03  4.662e-03  3.203e-03  1.997e-03  1.415e-03  8.071e-04  5.434e-04  3.267e-04  2.023e-04  1.715e-04  8.487e-05  5.315e-05  3.199e-05  1.744e-05  4.399e-06  2.142e-06  1.939e-06  7.419e-07  1.766e-07  5.262e-08  1.165e-08  7.779e-10  
[08 binY]  1.573e+00  6.397e-01  2.838e-01  2.282e-01  1.289e-01  8.100e-02  5.180e-02  5.882e-02  2.770e-02  2.561e-02  2.389e-02  2.470e-02  2.803e-02  4.003e-02  8.388e-02  6.278e-01  6.540e-01  5.651e-02  2.049e-02  1.074e-02  6.825e-03  4.576e-03  3.287e-03  2.302e-03  1.492e-03  1.036e-03  6.280e-04  4.280e-04  2.625e-04  1.698e-04  1.329e-04  7.361e-05  4.651e-05  2.602e-05  1.440e-05  3.671e-06  2.091e-06  1.589e-06  6.487e-07  1.515e-07  3.712e-08  2.290e-08  7.093e-10  
[09 binY]  1.251e+00  5.086e-01  2.275e-01  1.783e-01  1.001e-01  6.379e-02  4.244e-02  2.770e-02  4.036e-02  1.921e-02  1.941e-02  2.024e-02  2.309e-02  3.295e-02  6.946e-02  5.144e-01  5.358e-01  4.638e-02  1.683e-02  8.922e-03  5.596e-03  3.767e-03  2.755e-03  1.913e-03  1.261e-03  8.806e-04  5.250e-04  3.636e-04  2.324e-04  1.495e-04  1.132e-04  6.605e-05  3.958e-05  2.285e-05  1.271e-05  3.142e-06  1.880e-06  1.477e-06  6.092e-07  1.738e-07  4.443e-08  1.707e-08  5.686e-10  
[10 binY]  1.102e+00  4.447e-01  2.077e-01  1.496e-01  8.641e-02  5.487e-02  3.731e-02  2.561e-02  1.921e-02  4.002e-02  1.551e-02  1.851e-02  2.073e-02  2.986e-02  6.318e-02  4.703e-01  4.904e-01  4.246e-02  1.556e-02  8.131e-03  5.153e-03  3.436e-03  2.481e-03  1.779e-03  1.124e-03  8.287e-04  4.939e-04  3.507e-04  2.187e-04  1.423e-04  1.083e-04  6.488e-05  3.785e-05  2.255e-05  1.156e-05  3.993e-06  1.701e-06  1.403e-06  5.233e-07  1.567e-07  4.964e-08  1.609e-08  4.851e-10  
[11 binY]  1.019e+00  4.094e-01  1.949e-01  1.350e-01  7.786e-02  5.045e-02  3.426e-02  2.389e-02  1.941e-02  1.551e-02  3.774e-02  1.572e-02  2.064e-02  2.927e-02  6.257e-02  4.580e-01  4.785e-01  4.138e-02  1.513e-02  7.933e-03  5.025e-03  3.424e-03  2.441e-03  1.746e-03  1.141e-03  8.367e-04  5.197e-04  3.624e-04  2.334e-04  1.513e-04  1.107e-04  7.154e-05  3.967e-05  2.407e-05  1.340e-05  3.838e-06  1.913e-06  1.420e-06  6.831e-07  1.573e-07  5.392e-08  2.378e-08  8.581e-10  
[12 binY]  1.054e+00  4.269e-01  2.072e-01  1.344e-01  7.881e-02  5.136e-02  3.541e-02  2.470e-02  2.024e-02  1.851e-02  1.572e-02  5.327e-02  1.957e-02  3.186e-02  6.735e-02  5.003e-01  5.214e-01  4.527e-02  1.646e-02  8.657e-03  5.508e-03  3.627e-03  2.697e-03  1.886e-03  1.240e-03  9.267e-04  5.687e-04  4.116e-04  2.646e-04  1.663e-04  1.285e-04  8.031e-05  4.653e-05  2.652e-05  1.452e-05  5.235e-06  2.236e-06  1.651e-06  8.296e-07  1.943e-07  6.167e-08  2.307e-08  8.620e-10  
[13 binY]  1.173e+00  4.735e-01  2.345e-01  1.456e-01  8.545e-02  5.671e-02  3.931e-02  2.803e-02  2.309e-02  2.073e-02  2.064e-02  1.957e-02  6.213e-02  3.513e-02  8.032e-02  5.858e-01  6.112e-01  5.314e-02  1.939e-02  1.013e-02  6.501e-03  4.339e-03  3.153e-03  2.246e-03  1.488e-03  1.112e-03  7.003e-04  5.081e-04  3.364e-04  2.114e-04  1.547e-04  1.055e-04  5.879e-05  3.371e-05  1.875e-05  6.076e-06  2.948e-06  1.991e-06  1.069e-06  2.341e-07  8.174e-08  3.227e-08  9.860e-10  
[14 binY]  1.674e+00  6.705e-01  3.400e-01  1.991e-01  1.197e-01  7.942e-02  5.561e-02  4.003e-02  3.295e-02  2.986e-02  2.927e-02  3.186e-02  3.513e-02  1.292e-01  1.143e-01  8.707e-01  9.071e-01  7.874e-02  2.878e-02  1.524e-02  9.628e-03  6.449e-03  4.772e-03  3.334e-03  2.239e-03  1.713e-03  1.035e-03  7.846e-04  4.997e-04  3.256e-04  2.393e-04  1.558e-04  8.779e-05  5.226e-05  2.782e-05  9.205e-06  4.486e-06  3.024e-06  1.613e-06  4.191e-07  1.264e-07  4.565e-08  1.804e-09  
[15 binY]  3.502e+00  1.413e+00  7.191e-01  4.137e-01  2.466e-01  1.654e-01  1.166e-01  8.388e-02  6.946e-02  6.318e-02  6.257e-02  6.735e-02  8.032e-02  1.143e-01  5.210e-01  1.861e+00  1.942e+00  1.693e-01  6.203e-02  3.310e-02  2.087e-02  1.407e-02  1.027e-02  7.360e-03  4.889e-03  3.702e-03  2.279e-03  1.685e-03  1.100e-03  7.082e-04  5.030e-04  3.433e-04  1.929e-04  1.110e-04  6.072e-05  2.081e-05  9.556e-06  6.706e-06  3.499e-06  8.450e-07  2.533e-07  1.154e-07  3.772e-09  
[16 binY]  2.679e+01  1.071e+01  5.577e+00  3.092e+00  1.874e+00  1.255e+00  8.780e-01  6.278e-01  5.144e-01  4.703e-01  4.580e-01  5.003e-01  5.858e-01  8.707e-01  1.861e+00  3.181e+01  1.547e+01  1.352e+00  4.834e-01  2.524e-01  1.602e-01  1.065e-01  7.798e-02  5.573e-02  3.705e-02  2.762e-02  1.694e-02  1.227e-02  7.960e-03  5.073e-03  3.702e-03  2.438e-03  1.373e-03  8.008e-04  4.344e-04  1.433e-04  6.870e-05  4.745e-05  2.363e-05  6.270e-06  1.762e-06  7.695e-07  2.167e-08  
[17 binY]  2.797e+01  1.118e+01  5.857e+00  3.208e+00  1.949e+00  1.308e+00  9.156e-01  6.540e-01  5.358e-01  4.904e-01  4.785e-01  5.214e-01  6.112e-01  9.071e-01  1.942e+00  1.547e+01  2.846e+01  1.388e+00  5.096e-01  2.650e-01  1.668e-01  1.116e-01  8.170e-02  5.793e-02  3.847e-02  2.886e-02  1.756e-02  1.280e-02  8.296e-03  5.285e-03  3.821e-03  2.546e-03  1.433e-03  8.284e-04  4.514e-04  1.483e-04  7.113e-05  4.927e-05  2.536e-05  6.285e-06  1.924e-06  8.215e-07  2.446e-08  
[18 binY]  2.423e+00  9.683e-01  5.107e-01  2.735e-01  1.674e-01  1.124e-01  7.885e-02  5.651e-02  4.638e-02  4.246e-02  4.138e-02  4.527e-02  5.314e-02  7.874e-02  1.693e-01  1.352e+00  1.388e+00  2.986e-01  4.003e-02  2.362e-02  1.461e-02  9.723e-03  7.152e-03  5.101e-03  3.408e-03  2.525e-03  1.549e-03  1.122e-03  7.345e-04  4.659e-04  3.435e-04  2.214e-04  1.272e-04  7.294e-05  4.009e-05  1.319e-05  6.148e-06  4.423e-06  2.204e-06  5.865e-07  1.496e-07  7.849e-08  2.107e-09  
[19 binY]  8.801e-01  3.512e-01  1.882e-01  9.741e-02  6.033e-02  4.061e-02  2.863e-02  2.049e-02  1.683e-02  1.556e-02  1.513e-02  1.646e-02  1.939e-02  2.878e-02  6.203e-02  4.834e-01  5.096e-01  4.003e-02  3.474e-02  6.639e-03  5.604e-03  3.590e-03  2.633e-03  1.902e-03  1.255e-03  9.440e-04  5.834e-04  4.142e-04  2.709e-04  1.737e-04  1.284e-04  8.378e-05  4.743e-05  2.773e-05  1.545e-05  4.747e-06  2.399e-06  1.678e-06  8.593e-07  2.140e-07  6.186e-08  2.607e-08  8.133e-10  
[20 binY]  4.614e-01  1.848e-01  9.722e-02  5.166e-02  3.132e-02  2.129e-02  1.496e-02  1.074e-02  8.922e-03  8.131e-03  7.933e-03  8.657e-03  1.013e-02  1.524e-02  3.310e-02  2.524e-01  2.650e-01  2.362e-02  6.639e-03  1.190e-02  1.796e-03  2.101e-03  1.403e-03  9.888e-04  6.829e-04  4.944e-04  3.093e-04  2.240e-04  1.516e-04  9.501e-05  6.702e-05  4.582e-05  2.526e-05  1.459e-05  7.832e-06  2.773e-06  1.177e-06  8.003e-07  4.306e-07  9.974e-08  3.575e-08  1.407e-08  6.378e-10  
[21 binY]  2.933e-01  1.162e-01  6.283e-02  3.207e-02  2.011e-02  1.344e-02  9.527e-03  6.825e-03  5.596e-03  5.153e-03  5.025e-03  5.508e-03  6.501e-03  9.628e-03  2.087e-02  1.602e-01  1.668e-01  1.461e-02  5.604e-03  1.796e-03  4.507e-03  6.953e-04  9.988e-04  6.469e-04  4.268e-04  3.267e-04  1.976e-04  1.433e-04  8.992e-05  5.897e-05  4.449e-05  2.881e-05  1.578e-05  9.529e-06  5.046e-06  1.641e-06  8.202e-07  6.024e-07  2.859e-07  7.055e-08  2.051e-08  1.102e-08  1.594e-10  
[22 binY]  1.967e-01  7.822e-02  4.140e-02  2.150e-02  1.312e-02  9.007e-03  6.301e-03  4.576e-03  3.767e-03  3.436e-03  3.424e-03  3.627e-03  4.339e-03  6.449e-03  1.407e-02  1.065e-01  1.116e-01  9.723e-03  3.590e-03  2.101e-03  6.953e-04  2.506e-03  3.106e-04  4.740e-04  2.867e-04  2.241e-04  1.301e-04  9.883e-05  6.276e-05  4.092e-05  2.879e-05  1.979e-05  1.079e-05  6.509e-06  3.447e-06  1.212e-06  5.347e-07  3.698e-07  1.864e-07  5.616e-08  1.409e-08  6.665e-09  7.080e-11  
[23 binY]  1.439e-01  5.692e-02  3.114e-02  1.536e-02  9.662e-03  6.535e-03  4.662e-03  3.287e-03  2.755e-03  2.481e-03  2.441e-03  2.697e-03  3.153e-03  4.772e-03  1.027e-02  7.798e-02  8.170e-02  7.152e-03  2.633e-03  1.403e-03  9.988e-04  3.106e-04  1.394e-03  1.624e-04  2.509e-04  1.589e-04  9.976e-05  7.219e-05  4.730e-05  2.829e-05  2.325e-05  1.387e-05  8.548e-06  4.609e-06  2.579e-06  7.921e-07  3.930e-07  3.085e-07  1.494e-07  2.804e-08  1.258e-08  4.655e-09  2.129e-10  
[24 binY]  1.010e-01  4.029e-02  2.193e-02  1.072e-02  6.718e-03  4.559e-03  3.203e-03  2.302e-03  1.913e-03  1.779e-03  1.746e-03  1.886e-03  2.246e-03  3.334e-03  7.360e-03  5.573e-02  5.793e-02  5.101e-03  1.902e-03  9.888e-04  6.469e-04  4.740e-04  1.624e-04  6.023e-04  7.621e-05  1.322e-04  7.163e-05  5.121e-05  3.412e-05  2.204e-05  1.559e-05  1.028e-05  5.780e-06  3.465e-06  1.800e-06  6.369e-07  2.692e-07  2.125e-07  1.151e-07  3.378e-08  7.057e-09  3.120e-09  8.483e-11  
[25 binY]  6.384e-02  2.542e-02  1.401e-02  6.415e-03  4.031e-03  2.821e-03  1.997e-03  1.492e-03  1.261e-03  1.124e-03  1.141e-03  1.240e-03  1.488e-03  2.239e-03  4.889e-03  3.705e-02  3.847e-02  3.408e-03  1.255e-03  6.829e-04  4.268e-04  2.867e-04  2.509e-04  7.621e-05  3.939e-04  3.286e-05  5.833e-05  3.503e-05  2.378e-05  1.536e-05  1.111e-05  7.409e-06  4.356e-06  2.412e-06  1.325e-06  4.487e-07  2.230e-07  1.429e-07  7.897e-08  1.654e-08  3.031e-09  3.218e-09  8.457e-11  
[26 binY]  4.433e-02  1.769e-02  1.019e-02  4.280e-03  2.620e-03  1.949e-03  1.415e-03  1.036e-03  8.806e-04  8.287e-04  8.367e-04  9.267e-04  1.112e-03  1.713e-03  3.702e-03  2.762e-02  2.886e-02  2.525e-03  9.440e-04  4.944e-04  3.267e-04  2.241e-04  1.589e-04  1.322e-04  3.286e-05  2.777e-04  1.050e-05  3.399e-05  1.945e-05  1.202e-05  9.275e-06  6.292e-06  3.447e-06  2.049e-06  1.090e-06  3.377e-07  1.655e-07  1.110e-07  7.546e-08  1.355e-08  3.925e-09  2.203e-09  2.702e-11  
[27 binY]  2.572e-02  1.012e-02  6.151e-03  2.069e-03  1.507e-03  1.091e-03  8.071e-04  6.280e-04  5.250e-04  4.939e-04  5.197e-04  5.687e-04  7.003e-04  1.035e-03  2.279e-03  1.694e-02  1.756e-02  1.549e-03  5.834e-04  3.093e-04  1.976e-04  1.301e-04  9.976e-05  7.163e-05  5.833e-05  1.050e-05  1.430e-04  -2.279e-07  1.524e-05  7.826e-06  5.793e-06  4.054e-06  2.279e-06  1.368e-06  7.276e-07  2.790e-07  1.148e-07  9.001e-08  4.359e-08  1.267e-08  3.435e-09  1.499e-09  3.958e-11  
[28 binY]  1.699e-02  6.771e-03  4.423e-03  1.229e-03  8.765e-04  6.977e-04  5.434e-04  4.280e-04  3.636e-04  3.507e-04  3.624e-04  4.116e-04  5.081e-04  7.846e-04  1.685e-03  1.227e-02  1.280e-02  1.122e-03  4.142e-04  2.240e-04  1.433e-04  9.883e-05  7.219e-05  5.121e-05  3.503e-05  3.399e-05  -2.279e-07  9.128e-05  3.257e-07  7.360e-06  4.418e-06  3.347e-06  1.856e-06  1.032e-06  5.849e-07  2.063e-07  9.706e-08  6.020e-08  3.344e-08  6.160e-09  2.297e-09  1.257e-09  3.197e-11  
[29 binY]  1.043e-02  4.052e-03  2.666e-03  6.287e-04  4.842e-04  4.009e-04  3.267e-04  2.625e-04  2.324e-04  2.187e-04  2.334e-04  2.646e-04  3.364e-04  4.997e-04  1.100e-03  7.960e-03  8.296e-03  7.345e-04  2.709e-04  1.516e-04  8.992e-05  6.276e-05  4.730e-05  3.412e-05  2.378e-05  1.945e-05  1.524e-05  3.257e-07  4.641e-05  1.486e-07  3.502e-06  2.199e-06  1.200e-06  7.406e-07  4.011e-07  1.503e-07  6.273e-08  4.348e-08  2.954e-08  4.003e-09  2.975e-09  7.575e-10  1.437e-11  
[30 binY]  6.536e-03  2.540e-03  1.687e-03  4.807e-04  2.951e-04  2.333e-04  2.023e-04  1.698e-04  1.495e-04  1.423e-04  1.513e-04  1.663e-04  2.114e-04  3.256e-04  7.082e-04  5.073e-03  5.285e-03  4.659e-04  1.737e-04  9.501e-05  5.897e-05  4.092e-05  2.829e-05  2.204e-05  1.536e-05  1.202e-05  7.826e-06  7.360e-06  1.486e-07  1.792e-05  9.253e-08  1.663e-06  8.463e-07  4.558e-07  2.545e-07  9.451e-08  5.590e-08  3.246e-08  1.247e-08  5.735e-09  7.106e-10  5.806e-10  2.740e-11  
[31 binY]  5.380e-03  2.063e-03  1.386e-03  3.741e-04  2.626e-04  2.204e-04  1.715e-04  1.329e-04  1.132e-04  1.083e-04  1.107e-04  1.285e-04  1.547e-04  2.393e-04  5.030e-04  3.702e-03  3.821e-03  3.435e-04  1.284e-04  6.702e-05  4.449e-05  2.879e-05  2.325e-05  1.559e-05  1.111e-05  9.275e-06  5.793e-06  4.418e-06  3.502e-06  9.253e-08  1.413e-05  2.461e-07  5.810e-07  3.269e-07  1.809e-07  6.236e-08  2.786e-08  1.960e-08  1.213e-08  2.548e-09  1.150e-09  3.867e-10  9.279e-12  
[32 binY]  2.836e-03  1.105e-03  7.976e-04  1.101e-04  1.066e-04  1.045e-04  8.487e-05  7.361e-05  6.605e-05  6.488e-05  7.154e-05  8.031e-05  1.055e-04  1.558e-04  3.433e-04  2.438e-03  2.546e-03  2.214e-04  8.378e-05  4.582e-05  2.881e-05  1.979e-05  1.387e-05  1.028e-05  7.409e-06  6.292e-06  4.054e-06  3.347e-06  2.199e-06  1.663e-06  2.461e-07  5.721e-06  4.611e-08  2.588e-07  1.249e-07  5.374e-08  2.018e-08  1.843e-08  7.639e-09  1.597e-09  4.603e-10  2.664e-10  -6.184e-12  
[33 binY]  1.781e-03  6.900e-04  4.785e-04  1.030e-04  7.115e-05  6.695e-05  5.315e-05  4.651e-05  3.958e-05  3.785e-05  3.967e-05  4.653e-05  5.879e-05  8.779e-05  1.929e-04  1.373e-03  1.433e-03  1.272e-04  4.743e-05  2.526e-05  1.578e-05  1.079e-05  8.548e-06  5.780e-06  4.356e-06  3.447e-06  2.279e-06  1.856e-06  1.200e-06  8.463e-07  5.810e-07  4.611e-08  2.465e-06  9.481e-09  7.799e-08  2.091e-08  1.323e-08  7.823e-09  5.454e-09  1.446e-09  3.469e-10  2.041e-10  5.636e-12  
[34 binY]  1.049e-03  3.887e-04  2.895e-04  5.379e-05  4.978e-05  3.945e-05  3.199e-05  2.602e-05  2.285e-05  2.255e-05  2.407e-05  2.652e-05  3.371e-05  5.226e-05  1.110e-04  8.008e-04  8.284e-04  7.294e-05  2.773e-05  1.459e-05  9.529e-06  6.509e-06  4.609e-06  3.465e-06  2.412e-06  2.049e-06  1.368e-06  1.032e-06  7.406e-07  4.558e-07  3.269e-07  2.588e-07  9.481e-09  7.857e-07  7.996e-09  1.813e-08  5.983e-09  5.124e-09  2.729e-09  6.168e-10  2.053e-10  1.023e-10  2.096e-12  
[35 binY]  5.585e-04  2.223e-04  1.544e-04  2.889e-05  2.368e-05  2.039e-05  1.744e-05  1.440e-05  1.271e-05  1.156e-05  1.340e-05  1.452e-05  1.875e-05  2.782e-05  6.072e-05  4.344e-04  4.514e-04  4.009e-05  1.545e-05  7.832e-06  5.046e-06  3.447e-06  2.579e-06  1.800e-06  1.325e-06  1.090e-06  7.276e-07  5.849e-07  4.011e-07  2.545e-07  1.809e-07  1.249e-07  7.799e-08  7.996e-09  2.497e-07  -5.282e-09  3.855e-09  2.887e-09  1.370e-09  4.622e-10  1.285e-10  5.131e-11  1.220e-12  
[36 binY]  1.371e-04  5.214e-05  4.295e-05  4.989e-06  2.594e-06  3.559e-06  4.399e-06  3.671e-06  3.142e-06  3.993e-06  3.838e-06  5.235e-06  6.076e-06  9.205e-06  2.081e-05  1.433e-04  1.483e-04  1.319e-05  4.747e-06  2.773e-06  1.641e-06  1.212e-06  7.921e-07  6.369e-07  4.487e-07  3.377e-07  2.790e-07  2.063e-07  1.503e-07  9.451e-08  6.236e-08  5.374e-08  2.091e-08  1.813e-08  -5.282e-09  6.276e-08  -5.472e-09  1.091e-09  5.374e-10  7.613e-11  7.269e-11  5.661e-12  1.292e-12  
[37 binY]  7.572e-05  3.112e-05  2.049e-05  1.790e-06  1.686e-06  2.814e-06  2.142e-06  2.091e-06  1.880e-06  1.701e-06  1.913e-06  2.236e-06  2.948e-06  4.486e-06  9.556e-06  6.870e-05  7.113e-05  6.148e-06  2.399e-06  1.177e-06  8.202e-07  5.347e-07  3.930e-07  2.692e-07  2.230e-07  1.655e-07  1.148e-07  9.706e-08  6.273e-08  5.590e-08  2.786e-08  2.018e-08  1.323e-08  5.983e-09  3.855e-09  -5.472e-09  2.275e-08  -2.032e-09  3.655e-10  1.354e-11  1.675e-11  -5.838e-13  1.681e-13  
[38 binY]  6.353e-05  2.349e-05  1.630e-05  3.833e-06  2.791e-06  2.535e-06  1.939e-06  1.589e-06  1.477e-06  1.403e-06  1.420e-06  1.651e-06  1.991e-06  3.024e-06  6.706e-06  4.745e-05  4.927e-05  4.423e-06  1.678e-06  8.003e-07  6.024e-07  3.698e-07  3.085e-07  2.125e-07  1.429e-07  1.110e-07  9.001e-08  6.020e-08  4.348e-08  3.246e-08  1.960e-08  1.843e-08  7.823e-09  5.124e-09  2.887e-09  1.091e-09  -2.032e-09  1.026e-08  -1.022e-09  6.523e-11  1.969e-11  -1.604e-15  5.330e-13  
[39 binY]  2.028e-05  8.838e-06  7.963e-06  5.665e-07  5.963e-07  5.496e-07  7.419e-07  6.487e-07  6.092e-07  5.233e-07  6.831e-07  8.296e-07  1.069e-06  1.613e-06  3.499e-06  2.363e-05  2.536e-05  2.204e-06  8.593e-07  4.306e-07  2.859e-07  1.864e-07  1.494e-07  1.151e-07  7.897e-08  7.546e-08  4.359e-08  3.344e-08  2.954e-08  1.247e-08  1.213e-08  7.639e-09  5.454e-09  2.729e-09  1.370e-09  5.374e-10  3.655e-10  -1.022e-09  3.422e-09  -2.617e-10  1.180e-11  7.335e-12  -2.897e-14  
[40 binY]  5.521e-06  2.748e-06  2.660e-06  5.016e-07  1.200e-07  2.580e-07  1.766e-07  1.515e-07  1.738e-07  1.567e-07  1.573e-07  1.943e-07  2.341e-07  4.191e-07  8.450e-07  6.270e-06  6.285e-06  5.865e-07  2.140e-07  9.974e-08  7.055e-08  5.616e-08  2.804e-08  3.378e-08  1.654e-08  1.355e-08  1.267e-08  6.160e-09  4.003e-09  5.735e-09  2.548e-09  1.597e-09  1.446e-09  6.168e-10  4.622e-10  7.613e-11  1.354e-11  6.523e-11  -2.617e-10  7.573e-10  -4.805e-11  1.574e-12  -1.395e-13  
[41 binY]  2.071e-06  6.906e-07  5.362e-07  -1.025e-07  9.813e-08  7.222e-08  5.262e-08  3.712e-08  4.443e-08  4.964e-08  5.392e-08  6.167e-08  8.174e-08  1.264e-07  2.533e-07  1.762e-06  1.924e-06  1.496e-07  6.186e-08  3.575e-08  2.051e-08  1.409e-08  1.258e-08  7.057e-09  3.031e-09  3.925e-09  3.435e-09  2.297e-09  2.975e-09  7.106e-10  1.150e-09  4.603e-10  3.469e-10  2.053e-10  1.285e-10  7.269e-11  1.675e-11  1.969e-11  1.180e-11  -4.805e-11  1.329e-10  -6.120e-12  2.867e-14  
[42 binY]  9.198e-07  2.133e-07  2.131e-07  2.775e-09  6.801e-09  1.102e-08  1.165e-08  2.290e-08  1.707e-08  1.609e-08  2.378e-08  2.307e-08  3.227e-08  4.565e-08  1.154e-07  7.695e-07  8.215e-07  7.849e-08  2.607e-08  1.407e-08  1.102e-08  6.665e-09  4.655e-09  3.120e-09  3.218e-09  2.203e-09  1.499e-09  1.257e-09  7.575e-10  5.806e-10  3.867e-10  2.664e-10  2.041e-10  1.023e-10  5.131e-11  5.661e-12  -5.838e-13  -1.604e-15  7.335e-12  1.574e-12  -6.120e-12  1.348e-11  -8.942e-14  
[43 binY]  3.382e-08  1.439e-08  6.956e-09  2.145e-09  -3.974e-11  1.454e-09  7.779e-10  7.093e-10  5.686e-10  4.851e-10  8.581e-10  8.620e-10  9.860e-10  1.804e-09  3.772e-09  2.167e-08  2.446e-08  2.107e-09  8.133e-10  6.378e-10  1.594e-10  7.080e-11  2.129e-10  8.483e-11  8.457e-11  2.702e-11  3.958e-11  3.197e-11  1.437e-11  2.740e-11  9.279e-12  -6.184e-12  5.636e-12  2.096e-12  1.220e-12  1.292e-12  1.681e-13  5.330e-13  -2.897e-14  -1.395e-13  2.867e-14  -8.942e-14  1.563e-13 


[Correlation matrix]
[01 binY]  1.000e+00  2.762e-01  1.355e-01  2.349e-01  3.370e-01  4.115e-01  3.860e-01  3.824e-01  3.670e-01  3.246e-01  3.091e-01  2.691e-01  2.773e-01  2.745e-01  2.860e-01  2.800e-01  3.090e-01  2.613e-01  2.783e-01  2.493e-01  2.575e-01  2.317e-01  2.272e-01  2.425e-01  1.896e-01  1.568e-01  1.268e-01  1.048e-01  9.021e-02  9.102e-02  8.436e-02  6.991e-02  6.688e-02  6.977e-02  6.589e-02  3.226e-02  2.959e-02  3.697e-02  2.044e-02  1.183e-02  1.059e-02  1.477e-02  5.042e-03  
[02 binY]  2.762e-01  1.000e+00  1.446e-01  2.759e-01  3.889e-01  4.732e-01  4.412e-01  4.381e-01  4.206e-01  3.692e-01  3.501e-01  3.072e-01  3.155e-01  3.099e-01  3.252e-01  3.156e-01  3.480e-01  2.943e-01  3.130e-01  2.814e-01  2.874e-01  2.595e-01  2.532e-01  2.727e-01  2.127e-01  1.763e-01  1.405e-01  1.177e-01  9.879e-02  9.966e-02  9.114e-02  7.677e-02  7.300e-02  7.283e-02  7.389e-02  3.457e-02  3.426e-02  3.852e-02  2.510e-02  1.659e-02  9.949e-03  9.653e-03  6.044e-03  
[03 binY]  1.355e-01  1.446e-01  1.000e+00  1.247e-01  1.499e-01  2.032e-01  1.949e-01  1.968e-01  1.905e-01  1.746e-01  1.688e-01  1.510e-01  1.582e-01  1.591e-01  1.676e-01  1.663e-01  1.846e-01  1.572e-01  1.698e-01  1.499e-01  1.574e-01  1.391e-01  1.403e-01  1.503e-01  1.187e-01  1.028e-01  8.649e-02  7.786e-02  6.580e-02  6.702e-02  6.203e-02  5.608e-02  5.126e-02  5.493e-02  5.195e-02  2.884e-02  2.285e-02  2.706e-02  2.289e-02  1.625e-02  7.821e-03  9.761e-03  2.959e-03  
[04 binY]  2.349e-01  2.759e-01  1.247e-01  1.000e+00  3.418e-01  4.379e-01  3.969e-01  3.847e-01  3.629e-01  3.058e-01  2.840e-01  2.380e-01  2.388e-01  2.264e-01  2.343e-01  2.241e-01  2.459e-01  2.047e-01  2.137e-01  1.936e-01  1.953e-01  1.756e-01  1.682e-01  1.786e-01  1.322e-01  1.050e-01  7.074e-02  5.259e-02  3.773e-02  4.643e-02  4.069e-02  1.882e-02  2.683e-02  2.481e-02  2.364e-02  8.143e-03  4.851e-03  1.547e-02  3.959e-03  7.452e-03  -3.636e-03  3.090e-04  2.218e-03  
[05 binY]  3.370e-01  3.889e-01  1.499e-01  3.418e-01  1.000e+00  5.765e-01  5.544e-01  5.377e-01  5.041e-01  4.370e-01  4.055e-01  3.455e-01  3.468e-01  3.369e-01  3.457e-01  3.362e-01  3.696e-01  3.100e-01  3.275e-01  2.905e-01  3.030e-01  2.652e-01  2.618e-01  2.769e-01  2.055e-01  1.591e-01  1.275e-01  9.282e-02  7.190e-02  7.054e-02  7.068e-02  4.511e-02  4.585e-02  5.682e-02  4.794e-02  1.048e-02  1.131e-02  2.788e-02  1.031e-02  4.411e-03  8.611e-03  1.874e-03  -1.017e-04  
[06 binY]  4.115e-01  4.732e-01  2.032e-01  4.379e-01  5.765e-01  1.000e+00  6.390e-01  6.501e-01  6.181e-01  5.339e-01  5.055e-01  4.331e-01  4.428e-01  4.301e-01  4.461e-01  4.332e-01  4.772e-01  4.005e-01  4.241e-01  3.798e-01  3.896e-01  3.502e-01  3.407e-01  3.616e-01  2.767e-01  2.276e-01  1.775e-01  1.421e-01  1.145e-01  1.073e-01  1.141e-01  8.508e-02  8.300e-02  8.664e-02  7.944e-02  2.765e-02  3.631e-02  4.871e-02  1.829e-02  1.825e-02  1.219e-02  5.841e-03  7.159e-03  
[07 binY]  3.860e-01  4.412e-01  1.949e-01  3.969e-01  5.544e-01  6.390e-01  1.000e+00  5.918e-01  5.854e-01  5.167e-01  4.887e-01  4.252e-01  4.370e-01  4.287e-01  4.476e-01  4.313e-01  4.755e-01  3.998e-01  4.256e-01  3.800e-01  3.932e-01  3.487e-01  3.460e-01  3.616e-01  2.788e-01  2.353e-01  1.870e-01  1.576e-01  1.329e-01  1.324e-01  1.264e-01  9.832e-02  9.381e-02  9.999e-02  9.668e-02  4.865e-02  3.935e-02  5.303e-02  3.514e-02  1.778e-02  1.265e-02  8.790e-03  5.451e-03  
[08 binY]  3.824e-01  4.381e-01  1.968e-01  3.847e-01  5.377e-01  6.501e-01  5.918e-01  1.000e+00  5.686e-01  5.279e-01  5.070e-01  4.413e-01  4.637e-01  4.592e-01  4.792e-01  4.589e-01  5.055e-01  4.264e-01  4.533e-01  4.059e-01  4.191e-01  3.769e-01  3.629e-01  3.868e-01  3.100e-01  2.563e-01  2.165e-01  1.847e-01  1.589e-01  1.654e-01  1.457e-01  1.269e-01  1.221e-01  1.210e-01  1.189e-01  6.041e-02  5.717e-02  6.469e-02  4.573e-02  2.270e-02  1.327e-02  2.572e-02  7.397e-03  
[09 binY]  3.670e-01  4.206e-01  1.905e-01  3.629e-01  5.041e-01  6.181e-01  5.854e-01  5.686e-01  1.000e+00  4.781e-01  4.973e-01  4.365e-01  4.611e-01  4.564e-01  4.790e-01  4.540e-01  4.999e-01  4.225e-01  4.494e-01  4.071e-01  4.149e-01  3.745e-01  3.672e-01  3.879e-01  3.164e-01  2.630e-01  2.185e-01  1.895e-01  1.698e-01  1.758e-01  1.499e-01  1.375e-01  1.255e-01  1.283e-01  1.266e-01  6.242e-02  6.203e-02  7.257e-02  5.183e-02  3.144e-02  1.918e-02  2.315e-02  7.158e-03  
[10 binY]  3.246e-01  3.692e-01  1.746e-01  3.058e-01  4.370e-01  5.339e-01  5.167e-01  5.279e-01  4.781e-01  1.000e+00  3.992e-01  4.010e-01  4.157e-01  4.154e-01  4.376e-01  4.168e-01  4.595e-01  3.884e-01  4.172e-01  3.726e-01  3.837e-01  3.431e-01  3.322e-01  3.624e-01  2.832e-01  2.486e-01  2.064e-01  1.835e-01  1.605e-01  1.681e-01  1.440e-01  1.356e-01  1.205e-01  1.272e-01  1.157e-01  7.968e-02  5.636e-02  6.925e-02  4.472e-02  2.846e-02  2.152e-02  2.191e-02  6.133e-03  
[11 binY]  3.091e-01  3.501e-01  1.688e-01  2.840e-01  4.055e-01  5.055e-01  4.887e-01  5.070e-01  4.973e-01  3.992e-01  1.000e+00  3.507e-01  4.262e-01  4.192e-01  4.463e-01  4.180e-01  4.618e-01  3.898e-01  4.178e-01  3.743e-01  3.853e-01  3.520e-01  3.365e-01  3.663e-01  2.960e-01  2.584e-01  2.237e-01  1.953e-01  1.764e-01  1.840e-01  1.515e-01  1.540e-01  1.301e-01  1.398e-01  1.381e-01  7.887e-02  6.528e-02  7.216e-02  6.011e-02  2.943e-02  2.408e-02  3.334e-02  1.117e-02  
[12 binY]  2.691e-01  3.072e-01  1.510e-01  2.380e-01  3.455e-01  4.331e-01  4.252e-01  4.413e-01  4.365e-01  4.010e-01  3.507e-01  1.000e+00  3.402e-01  3.841e-01  4.043e-01  3.843e-01  4.235e-01  3.589e-01  3.827e-01  3.438e-01  3.555e-01  3.139e-01  3.129e-01  3.329e-01  2.707e-01  2.409e-01  2.060e-01  1.867e-01  1.683e-01  1.702e-01  1.481e-01  1.455e-01  1.284e-01  1.296e-01  1.259e-01  9.054e-02  6.422e-02  7.063e-02  6.144e-02  3.059e-02  2.317e-02  2.723e-02  9.446e-03  
[13 binY]  2.773e-01  3.155e-01  1.582e-01  2.388e-01  3.468e-01  4.428e-01  4.370e-01  4.637e-01  4.611e-01  4.157e-01  4.262e-01  3.402e-01  1.000e+00  3.922e-01  4.464e-01  4.166e-01  4.596e-01  3.901e-01  4.174e-01  3.727e-01  3.885e-01  3.477e-01  3.388e-01  3.671e-01  3.007e-01  2.678e-01  2.349e-01  2.134e-01  1.981e-01  2.003e-01  1.651e-01  1.770e-01  1.502e-01  1.526e-01  1.505e-01  9.729e-02  7.839e-02  7.886e-02  7.330e-02  3.412e-02  2.844e-02  3.527e-02  1.000e-02  
[14 binY]  2.745e-01  3.099e-01  1.591e-01  2.264e-01  3.369e-01  4.301e-01  4.287e-01  4.592e-01  4.564e-01  4.154e-01  4.192e-01  3.841e-01  3.922e-01  1.000e+00  4.408e-01  4.295e-01  4.731e-01  4.009e-01  4.297e-01  3.887e-01  3.990e-01  3.584e-01  3.556e-01  3.780e-01  3.139e-01  2.860e-01  2.408e-01  2.285e-01  2.041e-01  2.140e-01  1.771e-01  1.812e-01  1.556e-01  1.640e-01  1.549e-01  1.022e-01  8.275e-02  8.305e-02  7.674e-02  4.237e-02  3.051e-02  3.460e-02  1.270e-02  
[15 binY]  2.860e-01  3.252e-01  1.676e-01  2.343e-01  3.457e-01  4.461e-01  4.476e-01  4.792e-01  4.790e-01  4.376e-01  4.463e-01  4.043e-01  4.464e-01  4.408e-01  1.000e+00  4.573e-01  5.044e-01  4.292e-01  4.611e-01  4.204e-01  4.307e-01  3.893e-01  3.809e-01  4.155e-01  3.413e-01  3.077e-01  2.640e-01  2.443e-01  2.236e-01  2.318e-01  1.854e-01  1.989e-01  1.703e-01  1.735e-01  1.684e-01  1.151e-01  8.777e-02  9.172e-02  8.287e-02  4.254e-02  3.044e-02  4.353e-02  1.322e-02  
[16 binY]  2.800e-01  3.156e-01  1.663e-01  2.241e-01  3.362e-01  4.332e-01  4.313e-01  4.589e-01  4.540e-01  4.168e-01  4.180e-01  3.843e-01  4.166e-01  4.295e-01  4.573e-01  1.000e+00  5.141e-01  4.386e-01  4.598e-01  4.102e-01  4.230e-01  3.771e-01  3.703e-01  4.026e-01  3.309e-01  2.939e-01  2.511e-01  2.277e-01  2.071e-01  2.125e-01  1.746e-01  1.807e-01  1.551e-01  1.602e-01  1.542e-01  1.014e-01  8.075e-02  8.306e-02  7.161e-02  4.039e-02  2.710e-02  3.717e-02  9.717e-03  
[17 binY]  3.090e-01  3.480e-01  1.846e-01  2.459e-01  3.696e-01  4.772e-01  4.755e-01  5.055e-01  4.999e-01  4.595e-01  4.618e-01  4.235e-01  4.596e-01  4.731e-01  5.044e-01  5.141e-01  1.000e+00  4.760e-01  5.125e-01  4.553e-01  4.658e-01  4.177e-01  4.101e-01  4.424e-01  3.633e-01  3.246e-01  2.752e-01  2.512e-01  2.282e-01  2.340e-01  1.905e-01  1.995e-01  1.710e-01  1.752e-01  1.693e-01  1.109e-01  8.839e-02  9.117e-02  8.124e-02  4.281e-02  3.128e-02  4.195e-02  1.160e-02  
[18 binY]  2.613e-01  2.943e-01  1.572e-01  2.047e-01  3.100e-01  4.005e-01  3.998e-01  4.264e-01  4.225e-01  3.884e-01  3.898e-01  3.589e-01  3.901e-01  4.009e-01  4.292e-01  4.386e-01  4.760e-01  1.000e+00  3.930e-01  3.962e-01  3.982e-01  3.554e-01  3.506e-01  3.804e-01  3.143e-01  2.773e-01  2.371e-01  2.150e-01  1.973e-01  2.014e-01  1.672e-01  1.694e-01  1.483e-01  1.506e-01  1.468e-01  9.631e-02  7.459e-02  7.990e-02  6.894e-02  3.900e-02  2.374e-02  3.913e-02  9.751e-03  
[19 binY]  2.783e-01  3.130e-01  1.698e-01  2.137e-01  3.275e-01  4.241e-01  4.256e-01  4.533e-01  4.494e-01  4.172e-01  4.178e-01  3.827e-01  4.174e-01  4.297e-01  4.611e-01  4.598e-01  5.125e-01  3.930e-01  1.000e+00  3.265e-01  4.478e-01  3.847e-01  3.783e-01  4.158e-01  3.394e-01  3.039e-01  2.617e-01  2.326e-01  2.133e-01  2.201e-01  1.833e-01  1.879e-01  1.621e-01  1.678e-01  1.658e-01  1.016e-01  8.532e-02  8.886e-02  7.880e-02  4.172e-02  2.879e-02  3.810e-02  1.104e-02  
[20 binY]  2.493e-01  2.814e-01  1.499e-01  1.936e-01  2.905e-01  3.798e-01  3.800e-01  4.059e-01  4.071e-01  3.726e-01  3.743e-01  3.438e-01  3.727e-01  3.887e-01  4.204e-01  4.102e-01  4.553e-01  3.962e-01  3.265e-01  1.000e+00  2.452e-01  3.847e-01  3.444e-01  3.693e-01  3.154e-01  2.719e-01  2.370e-01  2.149e-01  2.040e-01  2.058e-01  1.634e-01  1.756e-01  1.475e-01  1.509e-01  1.437e-01  1.015e-01  7.155e-02  7.243e-02  6.747e-02  3.322e-02  2.842e-02  3.513e-02  1.479e-02  
[21 binY]  2.575e-01  2.874e-01  1.574e-01  1.953e-01  3.030e-01  3.896e-01  3.932e-01  4.191e-01  4.149e-01  3.837e-01  3.853e-01  3.555e-01  3.885e-01  3.990e-01  4.307e-01  4.230e-01  4.658e-01  3.982e-01  4.478e-01  2.452e-01  1.000e+00  2.069e-01  3.985e-01  3.926e-01  3.204e-01  2.920e-01  2.460e-01  2.234e-01  1.966e-01  2.075e-01  1.763e-01  1.794e-01  1.498e-01  1.601e-01  1.504e-01  9.759e-02  8.099e-02  8.859e-02  7.279e-02  3.818e-02  2.650e-02  4.469e-02  6.005e-03  
[22 binY]  2.317e-01  2.595e-01  1.391e-01  1.756e-01  2.652e-01  3.502e-01  3.487e-01  3.769e-01  3.745e-01  3.431e-01  3.520e-01  3.139e-01  3.477e-01  3.584e-01  3.893e-01  3.771e-01  4.177e-01  3.554e-01  3.847e-01  3.847e-01  2.069e-01  1.000e+00  1.662e-01  3.858e-01  2.886e-01  2.686e-01  2.172e-01  2.066e-01  1.840e-01  1.931e-01  1.530e-01  1.653e-01  1.373e-01  1.467e-01  1.378e-01  9.660e-02  7.080e-02  7.292e-02  6.363e-02  4.076e-02  2.441e-02  3.626e-02  3.577e-03  
[23 binY]  2.272e-01  2.532e-01  1.403e-01  1.682e-01  2.618e-01  3.407e-01  3.460e-01  3.629e-01  3.672e-01  3.322e-01  3.365e-01  3.129e-01  3.388e-01  3.556e-01  3.809e-01  3.703e-01  4.101e-01  3.506e-01  3.783e-01  3.444e-01  3.985e-01  1.662e-01  1.000e+00  1.772e-01  3.386e-01  2.553e-01  2.234e-01  2.024e-01  1.859e-01  1.790e-01  1.657e-01  1.553e-01  1.458e-01  1.393e-01  1.382e-01  8.468e-02  6.978e-02  8.156e-02  6.840e-02  2.729e-02  2.922e-02  3.396e-02  1.442e-02  
[24 binY]  2.425e-01  2.727e-01  1.503e-01  1.786e-01  2.769e-01  3.616e-01  3.616e-01  3.868e-01  3.879e-01  3.624e-01  3.663e-01  3.329e-01  3.671e-01  3.780e-01  4.155e-01  4.026e-01  4.424e-01  3.804e-01  4.158e-01  3.693e-01  3.926e-01  3.858e-01  1.772e-01  1.000e+00  1.565e-01  3.233e-01  2.440e-01  2.184e-01  2.041e-01  2.122e-01  1.690e-01  1.751e-01  1.500e-01  1.593e-01  1.468e-01  1.036e-01  7.273e-02  8.549e-02  8.019e-02  5.002e-02  2.494e-02  3.463e-02  8.743e-03  
[25 binY]  1.896e-01  2.127e-01  1.187e-01  1.322e-01  2.055e-01  2.767e-01  2.788e-01  3.100e-01  3.164e-01  2.832e-01  2.960e-01  2.707e-01  3.007e-01  3.139e-01  3.413e-01  3.309e-01  3.633e-01  3.143e-01  3.394e-01  3.154e-01  3.204e-01  2.886e-01  3.386e-01  1.565e-01  1.000e+00  9.935e-02  2.457e-01  1.847e-01  1.758e-01  1.829e-01  1.490e-01  1.561e-01  1.398e-01  1.371e-01  1.336e-01  9.024e-02  7.450e-02  7.111e-02  6.801e-02  3.028e-02  1.325e-02  4.416e-02  1.078e-02  
[26 binY]  1.568e-01  1.763e-01  1.028e-01  1.050e-01  1.591e-01  2.276e-01  2.353e-01  2.563e-01  2.630e-01  2.486e-01  2.584e-01  2.409e-01  2.678e-01  2.860e-01  3.077e-01  2.939e-01  3.246e-01  2.773e-01  3.039e-01  2.719e-01  2.920e-01  2.686e-01  2.553e-01  3.233e-01  9.935e-02  1.000e+00  5.269e-02  2.134e-01  1.713e-01  1.704e-01  1.481e-01  1.578e-01  1.317e-01  1.387e-01  1.309e-01  8.089e-02  6.585e-02  6.573e-02  7.740e-02  2.955e-02  2.043e-02  3.600e-02  4.101e-03  
[27 binY]  1.268e-01  1.405e-01  8.649e-02  7.074e-02  1.275e-01  1.775e-01  1.870e-01  2.165e-01  2.185e-01  2.064e-01  2.237e-01  2.060e-01  2.349e-01  2.408e-01  2.640e-01  2.511e-01  2.752e-01  2.371e-01  2.617e-01  2.370e-01  2.460e-01  2.172e-01  2.234e-01  2.440e-01  2.457e-01  5.269e-02  1.000e+00  -1.994e-03  1.870e-01  1.546e-01  1.289e-01  1.417e-01  1.214e-01  1.291e-01  1.218e-01  9.310e-02  6.364e-02  7.429e-02  6.230e-02  3.850e-02  2.491e-02  3.415e-02  8.371e-03  
[28 binY]  1.048e-01  1.177e-01  7.786e-02  5.259e-02  9.282e-02  1.421e-01  1.576e-01  1.847e-01  1.895e-01  1.835e-01  1.953e-01  1.867e-01  2.134e-01  2.285e-01  2.443e-01  2.277e-01  2.512e-01  2.150e-01  2.326e-01  2.149e-01  2.234e-01  2.066e-01  2.024e-01  2.184e-01  1.847e-01  2.134e-01  -1.994e-03  1.000e+00  5.004e-03  1.820e-01  1.230e-01  1.465e-01  1.237e-01  1.219e-01  1.225e-01  8.620e-02  6.735e-02  6.220e-02  5.983e-02  2.343e-02  2.085e-02  3.584e-02  8.465e-03  
[29 binY]  9.021e-02  9.879e-02  6.580e-02  3.773e-02  7.190e-02  1.145e-01  1.329e-01  1.589e-01  1.698e-01  1.605e-01  1.764e-01  1.683e-01  1.981e-01  2.041e-01  2.236e-01  2.071e-01  2.282e-01  1.973e-01  2.133e-01  2.040e-01  1.966e-01  1.840e-01  1.859e-01  2.041e-01  1.758e-01  1.713e-01  1.870e-01  5.004e-03  1.000e+00  5.152e-03  1.367e-01  1.349e-01  1.122e-01  1.226e-01  1.178e-01  8.808e-02  6.103e-02  6.300e-02  7.412e-02  2.135e-02  3.788e-02  3.029e-02  5.334e-03  
[30 binY]  9.102e-02  9.966e-02  6.702e-02  4.643e-02  7.054e-02  1.073e-01  1.324e-01  1.654e-01  1.758e-01  1.681e-01  1.840e-01  1.702e-01  2.003e-01  2.140e-01  2.318e-01  2.125e-01  2.340e-01  2.014e-01  2.201e-01  2.058e-01  2.075e-01  1.931e-01  1.790e-01  2.122e-01  1.829e-01  1.704e-01  1.546e-01  1.820e-01  5.152e-03  1.000e+00  5.815e-03  1.643e-01  1.273e-01  1.215e-01  1.203e-01  8.913e-02  8.756e-02  7.569e-02  5.036e-02  4.923e-02  1.456e-02  3.737e-02  1.637e-02  
[31 binY]  8.436e-02  9.114e-02  6.203e-02  4.069e-02  7.068e-02  1.141e-01  1.264e-01  1.457e-01  1.499e-01  1.440e-01  1.515e-01  1.481e-01  1.651e-01  1.771e-01  1.854e-01  1.746e-01  1.905e-01  1.672e-01  1.833e-01  1.634e-01  1.763e-01  1.530e-01  1.657e-01  1.690e-01  1.490e-01  1.481e-01  1.289e-01  1.230e-01  1.367e-01  5.815e-03  1.000e+00  2.737e-02  9.845e-02  9.812e-02  9.633e-02  6.622e-02  4.913e-02  5.148e-02  5.516e-02  2.463e-02  2.654e-02  2.802e-02  6.243e-03  
[32 binY]  6.991e-02  7.677e-02  5.608e-02  1.882e-02  4.511e-02  8.508e-02  9.832e-02  1.269e-01  1.375e-01  1.356e-01  1.540e-01  1.455e-01  1.770e-01  1.812e-01  1.989e-01  1.807e-01  1.995e-01  1.694e-01  1.879e-01  1.756e-01  1.794e-01  1.653e-01  1.553e-01  1.751e-01  1.561e-01  1.578e-01  1.417e-01  1.465e-01  1.349e-01  1.643e-01  2.737e-02  1.000e+00  1.228e-02  1.221e-01  1.045e-01  8.969e-02  5.593e-02  7.607e-02  5.460e-02  2.426e-02  1.669e-02  3.034e-02  -6.540e-03  
[33 binY]  6.688e-02  7.300e-02  5.126e-02  2.683e-02  4.585e-02  8.300e-02  9.381e-02  1.221e-01  1.255e-01  1.205e-01  1.301e-01  1.284e-01  1.502e-01  1.556e-01  1.703e-01  1.551e-01  1.710e-01  1.483e-01  1.621e-01  1.475e-01  1.498e-01  1.373e-01  1.458e-01  1.500e-01  1.398e-01  1.317e-01  1.214e-01  1.237e-01  1.122e-01  1.273e-01  9.845e-02  1.228e-02  1.000e+00  6.813e-03  9.942e-02  5.315e-02  5.585e-02  4.919e-02  5.938e-02  3.347e-02  1.917e-02  3.541e-02  9.079e-03  
[34 binY]  6.977e-02  7.283e-02  5.493e-02  2.481e-02  5.682e-02  8.664e-02  9.999e-02  1.210e-01  1.283e-01  1.272e-01  1.398e-01  1.296e-01  1.526e-01  1.640e-01  1.735e-01  1.602e-01  1.752e-01  1.506e-01  1.678e-01  1.509e-01  1.601e-01  1.467e-01  1.393e-01  1.593e-01  1.371e-01  1.387e-01  1.291e-01  1.219e-01  1.226e-01  1.215e-01  9.812e-02  1.221e-01  6.813e-03  1.000e+00  1.805e-02  8.162e-02  4.474e-02  5.707e-02  5.262e-02  2.528e-02  2.008e-02  3.144e-02  5.982e-03  
[35 binY]  6.589e-02  7.389e-02  5.195e-02  2.364e-02  4.794e-02  7.944e-02  9.668e-02  1.189e-01  1.266e-01  1.157e-01  1.381e-01  1.259e-01  1.505e-01  1.549e-01  1.684e-01  1.542e-01  1.693e-01  1.468e-01  1.658e-01  1.437e-01  1.504e-01  1.378e-01  1.382e-01  1.468e-01  1.336e-01  1.309e-01  1.218e-01  1.225e-01  1.178e-01  1.203e-01  9.633e-02  1.045e-01  9.942e-02  1.805e-02  1.000e+00  -4.220e-02  5.115e-02  5.703e-02  4.685e-02  3.361e-02  2.231e-02  2.797e-02  6.173e-03  
[36 binY]  3.226e-02  3.457e-02  2.884e-02  8.143e-03  1.048e-02  2.765e-02  4.865e-02  6.041e-02  6.242e-02  7.968e-02  7.887e-02  9.054e-02  9.729e-02  1.022e-01  1.151e-01  1.014e-01  1.109e-01  9.631e-02  1.016e-01  1.015e-01  9.759e-02  9.660e-02  8.468e-02  1.036e-01  9.024e-02  8.089e-02  9.310e-02  8.620e-02  8.808e-02  8.913e-02  6.622e-02  8.969e-02  5.315e-02  8.162e-02  -4.220e-02  1.000e+00  -1.448e-01  4.299e-02  3.667e-02  1.104e-02  2.517e-02  6.155e-03  1.305e-02  
[37 binY]  2.959e-02  3.426e-02  2.285e-02  4.851e-03  1.131e-02  3.631e-02  3.935e-02  5.717e-02  6.203e-02  5.636e-02  6.528e-02  6.422e-02  7.839e-02  8.275e-02  8.777e-02  8.075e-02  8.839e-02  7.459e-02  8.532e-02  7.155e-02  8.099e-02  7.080e-02  6.978e-02  7.273e-02  7.450e-02  6.585e-02  6.364e-02  6.735e-02  6.103e-02  8.756e-02  4.913e-02  5.593e-02  5.585e-02  4.474e-02  5.115e-02  -1.448e-01  1.000e+00  -1.330e-01  4.142e-02  3.261e-03  9.628e-03  -1.054e-03  2.818e-03  
[38 binY]  3.697e-02  3.852e-02  2.706e-02  1.547e-02  2.788e-02  4.871e-02  5.303e-02  6.469e-02  7.257e-02  6.925e-02  7.216e-02  7.063e-02  7.886e-02  8.305e-02  9.172e-02  8.306e-02  9.117e-02  7.990e-02  8.886e-02  7.243e-02  8.859e-02  7.292e-02  8.156e-02  8.549e-02  7.111e-02  6.573e-02  7.429e-02  6.220e-02  6.300e-02  7.569e-02  5.148e-02  7.607e-02  4.919e-02  5.707e-02  5.703e-02  4.299e-02  -1.330e-01  1.000e+00  -1.724e-01  2.340e-02  1.686e-02  -4.313e-06  1.331e-02  
[39 binY]  2.044e-02  2.510e-02  2.289e-02  3.959e-03  1.031e-02  1.829e-02  3.514e-02  4.573e-02  5.183e-02  4.472e-02  6.011e-02  6.144e-02  7.330e-02  7.674e-02  8.287e-02  7.161e-02  8.124e-02  6.894e-02  7.880e-02  6.747e-02  7.279e-02  6.363e-02  6.840e-02  8.019e-02  6.801e-02  7.740e-02  6.230e-02  5.983e-02  7.412e-02  5.036e-02  5.516e-02  5.460e-02  5.938e-02  5.262e-02  4.685e-02  3.667e-02  4.142e-02  -1.724e-01  1.000e+00  -1.625e-01  1.750e-02  3.416e-02  -1.252e-03  
[40 binY]  1.183e-02  1.659e-02  1.625e-02  7.452e-03  4.411e-03  1.825e-02  1.778e-02  2.270e-02  3.144e-02  2.846e-02  2.943e-02  3.059e-02  3.412e-02  4.237e-02  4.254e-02  4.039e-02  4.281e-02  3.900e-02  4.172e-02  3.322e-02  3.818e-02  4.076e-02  2.729e-02  5.002e-02  3.028e-02  2.955e-02  3.850e-02  2.343e-02  2.135e-02  4.923e-02  2.463e-02  2.426e-02  3.347e-02  2.528e-02  3.361e-02  1.104e-02  3.261e-03  2.340e-02  -1.625e-01  1.000e+00  -1.514e-01  1.558e-02  -1.282e-02  
[41 binY]  1.059e-02  9.949e-03  7.821e-03  -3.636e-03  8.611e-03  1.219e-02  1.265e-02  1.327e-02  1.918e-02  2.152e-02  2.408e-02  2.317e-02  2.844e-02  3.051e-02  3.044e-02  2.710e-02  3.128e-02  2.374e-02  2.879e-02  2.842e-02  2.650e-02  2.441e-02  2.922e-02  2.494e-02  1.325e-02  2.043e-02  2.491e-02  2.085e-02  3.788e-02  1.456e-02  2.654e-02  1.669e-02  1.917e-02  2.008e-02  2.231e-02  2.517e-02  9.628e-03  1.686e-02  1.750e-02  -1.514e-01  1.000e+00  -1.446e-01  6.289e-03  
[42 binY]  1.477e-02  9.653e-03  9.761e-03  3.090e-04  1.874e-03  5.841e-03  8.790e-03  2.572e-02  2.315e-02  2.191e-02  3.334e-02  2.723e-02  3.527e-02  3.460e-02  4.353e-02  3.717e-02  4.195e-02  3.913e-02  3.810e-02  3.513e-02  4.469e-02  3.626e-02  3.396e-02  3.463e-02  4.416e-02  3.600e-02  3.415e-02  3.584e-02  3.029e-02  3.737e-02  2.802e-02  3.034e-02  3.541e-02  3.144e-02  2.797e-02  6.155e-03  -1.054e-03  -4.313e-06  3.416e-02  1.558e-02  -1.446e-01  1.000e+00  -6.161e-02  
[43 binY]  5.042e-03  6.044e-03  2.959e-03  2.218e-03  -1.017e-04  7.159e-03  5.451e-03  7.397e-03  7.158e-03  6.133e-03  1.117e-02  9.446e-03  1.000e-02  1.270e-02  1.322e-02  9.717e-03  1.160e-02  9.751e-03  1.104e-02  1.479e-02  6.005e-03  3.577e-03  1.442e-02  8.743e-03  1.078e-02  4.101e-03  8.371e-03  8.465e-03  5.334e-03  1.637e-02  6.243e-03  -6.540e-03  9.079e-03  5.982e-03  6.173e-03  1.305e-02  2.818e-03  1.331e-02  -1.252e-03  -1.282e-02  6.289e-03  -6.161e-02  1.000e+00